[gd_scene load_steps=9 format=3 uid="uid://dxvvlck8lej3f"]

[ext_resource type="Script" path="res://src/scripts/demo_level.gd" id="1_rttgd"]
[ext_resource type="PackedScene" uid="uid://dl2ed4gkybggf" path="res://src/scenes/player.tscn" id="2_elriq"]
[ext_resource type="PackedScene" uid="uid://dch0wy1f03eim" path="res://src/scenes/environment.tscn" id="2_k38af"]
[ext_resource type="PackedScene" uid="uid://dpm3l05d7fu35" path="res://src/scenes/platform.tscn" id="5_3s40e"]
[ext_resource type="PackedScene" uid="uid://r7rt7pth4u7o" path="res://src/scenes/wall_low.tscn" id="5_6vel1"]
[ext_resource type="PackedScene" uid="uid://c71evdjblk5wp" path="res://src/scenes/wall_high.tscn" id="7_cabne"]
[ext_resource type="PackedScene" uid="uid://bvx5cvigosg0s" path="res://src/scenes/platform_large_grass.tscn" id="7_wggef"]
[ext_resource type="PackedScene" uid="uid://d2g78tpqbyf5g" path="res://src/scenes/enemy.tscn" id="8_7ty2f"]

[node name="DemoLevel" type="Node3D"]
transform = Transform3D(1, 0, 0, 0, 1, 0, 0, 0, 1, 14.5788, 4.51965, -5.70257)
script = ExtResource("1_rttgd")

[node name="Environment" parent="." instance=ExtResource("2_k38af")]

[node name="Player" parent="." instance=ExtResource("2_elriq")]
transform = Transform3D(-0.145548, 0, 0.989351, 0, 1, 0, -0.989351, 0, -0.145548, 0, -0.857274, 0)

[node name="Enemies" type="Node" parent="."]

[node name="enemy-flying" parent="Enemies" node_paths=PackedStringArray("player") instance=ExtResource("8_7ty2f")]
transform = Transform3D(1, 0, 0, 0, 1, 0, 0, 0, 1, -3.5, 2.5, -6)
player = NodePath("../../Player")

[node name="enemy-flying2" parent="Enemies" node_paths=PackedStringArray("player") instance=ExtResource("8_7ty2f")]
transform = Transform3D(-4.37114e-08, 0, 1, 0, 1, 0, -1, 0, -4.37114e-08, -9.5, 2.5, 1.5)
player = NodePath("../../Player")

[node name="enemy-flying3" parent="Enemies" node_paths=PackedStringArray("player") instance=ExtResource("8_7ty2f")]
transform = Transform3D(-0.707107, 0, -0.707107, 0, 1, 0, 0.707107, 0, -0.707107, 5.5, 2.15426, 9)
player = NodePath("../../Player")

[node name="Level" type="Node" parent="."]

[node name="wall-low" parent="Level" instance=ExtResource("5_6vel1")]
transform = Transform3D(0.965926, 0, 0.258819, 0, 1, 0, -0.258819, 0, 0.965926, -1.92088, 1.05, -6.90166)

[node name="wall-low2" parent="Level" instance=ExtResource("5_6vel1")]
transform = Transform3D(-1, 0, -1.19209e-07, 0, 1, 0, 1.19209e-07, 0, -1, 6.07912, 1.05, 6.59834)

[node name="platform" parent="Level" instance=ExtResource("5_3s40e")]
transform = Transform3D(1, 0, 0, 0, 1, 0, 0, 0, 1, -2.5, 0, 6.5)

[node name="platform2" parent="Level" instance=ExtResource("5_3s40e")]
transform = Transform3D(1, 0, 0, 0, 1, 0, 0, 0, 1, -6.5, 2.5, -2.5)

[node name="platform3" parent="Level" instance=ExtResource("5_3s40e")]
transform = Transform3D(1, 0, 0, 0, 1, 0, 0, 0, 1, 2.5, 3, -3.5)

[node name="platform4" parent="Level" instance=ExtResource("5_3s40e")]
transform = Transform3D(0.707107, 0, -0.707107, 0, 1, 0, 0.707107, 0, 0.707107, 7, 1, -2)

[node name="wall-high" parent="Level" instance=ExtResource("7_cabne")]
transform = Transform3D(1, 0, 0, 0, 1, 0, 0, 0, 1, -5.5, 1.5, 4)

[node name="wall-high2" parent="Level" instance=ExtResource("7_cabne")]
transform = Transform3D(0.707107, 0, -0.707107, 0, 1, 0, 0.707107, 0, 0.707107, 11.5, 3, -5.5)

[node name="platform-large-grass" parent="Level" instance=ExtResource("7_wggef")]
transform = Transform3D(1, 0, 0, 0, 1, 0, 0, 0, 1, 0, -0.5, 0)

[node name="platform-large-grass2" parent="Level" instance=ExtResource("7_wggef")]
transform = Transform3D(0.965926, 0, 0.258819, 0, 1, 0, -0.258819, 0, 0.965926, -2, 0.5, -6)

[node name="platform-large-grass3" parent="Level" instance=ExtResource("7_wggef")]
transform = Transform3D(0.965926, 0, -0.258819, 0, 1, 0, 0.258819, 0, 0.965926, -6, 1, 2.5)

[node name="platform-large-grass5" parent="Level" instance=ExtResource("7_wggef")]
transform = Transform3D(0.866026, 0, -0.5, 0, 1, 0, 0.5, 0, 0.866026, 12, 2.5, -5)

[node name="platform-large-grass4" parent="Level" instance=ExtResource("7_wggef")]
transform = Transform3D(0.965926, 0, 0.258819, 0, 1, 0, -0.258819, 0, 0.965926, 5, 0.5, 5.5)

[connection signal="died" from="Player" to="." method="_on_player_died"]
